0
1.04322561984936e-05
2.08645123969872e-05
3.12967685954809e-05
0.000101727072148707
0.000172157375701933
0.000242587679255159
0.000313017982808386
0.000594977081525001
0.000876936180241616
0.00115889527895823
0.00144085437767485
0.00253376087853210
0.00362666737938935
0.00471957388024660
0.00581248038110386
0.00690538688196111
0.0110513583180616
0.0151973297541620
0.0193433011902625
0.0234892726263630
0.0276352440624634
0.0353485367397648
0.0430618294170662
0.0507751220943676
0.0584884147716689
0.0662017074489703
0.0739150001262716
0.0855302322835516
0.0971454644408316
0.108760696598112
0.120375928755392
0.131991160912672
0.143606393069952
0.158160102369133
0.172713811668314
0.187267520967496
0.201821230266677
0.216374939565859
0.230928648865040
0.245482358164221
0.265504858125014
0.285527358085806
0.305549858046598
0.325572358007391
0.345594857968183
0.365617357928975
0.385639857889767
0.406346056690591
0.427052255491414
0.447758454292237
0.468464653093061
0.489170851893884
0.509877050694707
0.530583249495531
0.552816501014362
0.575049752533193
0.597283004052025
0.619516255570856
0.641749507089687
0.663982758608519
0.686216010127350
0.710432345537687
0.734648680948023
0.758865016358360
0.783081351768696
0.807297687179033
0.831514022589369
0.855730357999706
0.882260123908650
0.908789889817593
0.935319655726537
0.961849421635481
0.988379187544424
1.01490895345337
1.04143871936231
1.07029689296668
1.09915506657105
1.12801324017542
1.15687141377978
1.18572958738415
1.21458776098852
1.24344593459289
1.27342292216282
1.30339990973276
1.33337689730269
1.36335388487262
1.39333087244256
1.42330786001249
1.45328484758243
1.48438671679131
1.51548858600019
1.54659045520907
1.57769232441796
1.60879419362684
1.63989606283572
1.67099793204461
1.70315789241763
1.73531785279066
1.76747781316369
1.79963777353672
1.83179773390974
1.86395769428277
1.89611765465580
1.93008306143450
1.96404846821320
1.99801387499189
2.03197928177059
2.06594468854929
2.09991009532799
2.13387550210669
2.17002848520576
2.20618146830484
2.24233445140391
2.27848743450299
2.31464041760206
2.35079340070114
2.38694638380021
2.42541316511011
2.46387994642000
2.50234672772990
2.54081350903980
2.57928029034969
2.61774707165959
2.65621385296949
2.69713176436639
2.73804967576329
2.77896758716019
2.81988549855709
2.86080340995399
2.90172132135090
2.94263923274780
2.98614741894426
3.02965560514072
3.07316379133718
3.11667197753363
3.16018016373009
3.20368834992655
3.24719653612301
3.29344435966514
3.33969218320726
3.38594000674939
3.43218783029151
3.47843565383364
3.52468347737576
3.57093130091789
3.62008511313657
3.66923892535525
3.71839273757393
3.76754654979261
3.81670036201129
3.86585417422997
3.91500798644866
3.96726021683185
4.01951244721504
4.07176467759823
4.12401690798142
4.17626913836461
4.22852136874780
4.28077359913099
4.33635464317025
4.39193568720951
4.44751673124877
4.50309777528803
4.55867881932730
4.61425986336656
4.66984090740582
4.72903340906669
4.78822591072756
4.84741841238843
4.90661091404930
4.96580341571017
5.02499591737104
5.08418841903191
5.14734412924080
5.21049983944969
5.27365554965858
5.33681125986748
5.39996697007637
5.46312268028526
5.52627839049415
5.59383828026791
5.66139817004167
5.72895805981543
5.79651794958919
5.86407783936294
5.93163772913670
5.99919761891046
6.07171681230318
6.14423600569591
6.21675519908863
6.28927439248135
6.36179358587407
6.43431277926679
6.50683197265952
6.58501222074102
6.66319246882252
6.74137271690402
6.81955296498552
6.89773321306702
6.97591346114852
7.05409370923002
7.13882772508194
7.22356174093386
7.30829575678578
7.39302977263770
7.47776378848962
7.56249780434154
7.64723182019346
7.73966624817875
7.83210067616404
7.92453510414933
8.01696953213462
8.10940396011991
8.20183838810520
8.29427281609049
8.39590073521361
8.49752865433672
8.59915657345984
8.70078449258296
8.80241241170608
8.90404033082920
9.00566824995232
9.11846949523313
9.23127074051394
9.34407198579474
9.45687323107555
9.56967447635635
9.68247572163716
9.79527696691797
9.92193840934053
10